Options:
  Default_Language: pt
  StartTime: 20
  Pregametime: 10
  GameTime: 600
  FinishTime: 10
  ReffilTime: 300
  MainLobby: world@#2208.722386201027@#24.0@#-830.8451746655713@#-184.20078@#8.85031
